% --- Experiment 1 ---
\begin{figure}[t]
  \centering
  \begin{tikzpicture}
    \begin{axis}[
      width=0.95\columnwidth,
      height=5.8cm,
      ymode=log,
      xlabel={Epoch},
      ylabel={Training Loss},
      xlabel style={font=\small, yshift=2pt},
      ylabel style={font=\small, xshift=-2pt},
      tick label style={font=\footnotesize},
      xmin=1,   xmax=200,
      ymin=0.0001, ymax=4.0,
      xtick={1,25,50,75,100,125,150,175,200},
      minor tick num=4,
      grid=none,
      legend pos=south west,
      legend style={
        font=\footnotesize,
        fill=white,
        fill opacity=0.95,
        text opacity=1,
        row sep=2pt,
        inner sep=4pt,
        rounded corners=1pt
      },
      clip=true,
    ]
    \addplot[line width=1.3pt, color=colorhybrid, mark=none] coordinates {
      (1,2.7424) (2,1.6820) (3,1.2576) (4,1.0943) (5,1.0234) (6,0.9357) (7,0.8737) (8,0.8246) (9,0.7822) (10,0.7474) (11,0.7096) (12,0.7068) (13,0.6567) (14,0.6385) (15,0.6070) (16,0.5719) (17,0.5597) (18,0.5757) (19,0.5291) (20,0.5081) (21,0.4855) (22,0.4681) (23,0.4469) (24,0.4229) (25,0.4020) (26,0.3787) (27,0.3738) (28,0.3591) (29,0.3459) (30,0.3379) (31,0.3126) (32,0.3143) (33,0.2921) (34,0.2798) (35,0.2525) (36,0.2527) (37,0.2535) (38,0.2569) (39,0.2265) (40,0.2193) (41,0.2032) (42,0.1997) (43,0.1958) (44,0.1890) (45,0.1686) (46,0.1627) (47,0.1699) (48,0.1674) (49,0.1639) (50,0.1511) (51,0.1422) (52,0.1357) (53,0.1279) (54,0.1412) (55,0.1283) (56,0.1171) (57,0.1220) (58,0.1219) (59,0.1094) (60,0.1137) (61,0.1160) (62,0.0967) (63,0.0987) (64,0.1017) (65,0.0952) (66,0.1045) (67,0.0806) (68,0.0752) (69,0.0696) (70,0.0727) (71,0.0628) (72,0.0706) (73,0.0675) (74,0.0612) (75,0.0690) (76,0.0594) (77,0.0624) (78,0.0506) (79,0.0528) (80,0.0556) (81,0.0516) (82,0.0522) (83,0.0470) (84,0.0446) (85,0.0399) (86,0.0470) (87,0.0478) (88,0.0450) (89,0.0402) (90,0.0428) (91,0.0393) (92,0.0347) (93,0.0308) (94,0.0291) (95,0.0369) (96,0.0365) (97,0.0309) (98,0.0279) (99,0.0281) (100,0.0285) (101,0.0237) (102,0.0239) (103,0.0246) (104,0.0256) (105,0.0225) (106,0.0570) (107,0.0297) (108,0.0227) (109,0.0186) (110,0.0190) (111,0.0175) (112,0.0186) (113,0.0145) (114,0.0125) (115,0.0126) (116,0.0199) (117,0.0153) (118,0.0170) (119,0.0158) (120,0.0130) (121,0.0092) (122,0.0123) (123,0.0140) (124,0.0133) (125,0.0119) (126,0.0113) (127,0.0091) (128,0.0085) (129,0.0068) (130,0.0077) (131,0.0074) (132,0.0097) (133,0.0090) (134,0.0049) (135,0.0100) (136,0.0073) (137,0.0057) (138,0.0051) (139,0.0072) (140,0.0070) (141,0.0055) (142,0.0055) (143,0.0041) (144,0.0058) (145,0.0057) (146,0.0054) (147,0.0037) (148,0.0039) (149,0.0045) (150,0.0043) (151,0.0033) (152,0.0042) (153,0.0033) (154,0.0035) (155,0.0040) (156,0.0023) (157,0.0021) (158,0.0010) (159,0.0027) (160,0.0027) (161,0.0016) (162,0.0014) (163,0.0005) (164,0.0015) (165,0.0018) (166,0.0013) (167,0.0016) (168,0.0016) (169,0.0019) (170,0.0010) (171,0.0009) (172,0.0009) (173,0.0008) (174,0.0012) (175,0.0014) (176,0.0009) (177,0.0007) (178,0.0017) (179,0.0007) (180,0.0009) (181,0.0009) (182,0.0005) (183,0.0004) (184,0.0004) (185,0.0005) (186,0.0004) (187,0.0006) (188,0.0010) (189,0.0008) (190,0.0003) (191,0.0006) (192,0.0004) (193,0.0002) (194,0.0002) (195,0.0003) (196,0.0005) (197,0.0010) (198,0.0004) (199,0.0004) (200,0.0006)
    };
    \addplot[line width=1.3pt, color=coloradam, mark=none] coordinates {
      (1,2.1571) (2,1.5781) (3,1.2533) (4,1.1163) (5,1.0520) (6,1.0148) (7,1.0194) (8,0.9625) (9,0.8856) (10,0.8383) (11,0.8132) (12,0.7922) (13,0.7446) (14,0.7319) (15,0.7218) (16,0.7063) (17,0.6865) (18,0.6640) (19,0.6567) (20,0.6444) (21,0.6204) (22,0.6025) (23,0.5957) (24,0.5734) (25,0.5474) (26,0.5432) (27,0.5245) (28,0.5296) (29,0.5080) (30,0.4878) (31,0.4864) (32,0.4811) (33,0.4566) (34,0.4392) (35,0.4306) (36,0.4169) (37,0.4118) (38,0.4043) (39,0.3815) (40,0.3759) (41,0.3662) (42,0.3461) (43,0.3372) (44,0.3382) (45,0.3158) (46,0.3126) (47,0.3046) (48,0.3014) (49,0.2892) (50,0.2785) (51,0.2720) (52,0.2559) (53,0.2639) (54,0.2419) (55,0.2455) (56,0.2311) (57,0.2323) (58,0.2196) (59,0.2180) (60,0.2012) (61,0.1895) (62,0.2020) (63,0.1860) (64,0.1790) (65,0.1749) (66,0.1672) (67,0.1716) (68,0.1687) (69,0.1589) (70,0.1551) (71,0.1450) (72,0.1445) (73,0.1428) (74,0.1299) (75,0.1350) (76,0.1261) (77,0.1303) (78,0.1159) (79,0.1143) (80,0.1130) (81,0.1138) (82,0.1110) (83,0.1008) (84,0.0993) (85,0.1009) (86,0.1014) (87,0.0881) (88,0.0914) (89,0.0922) (90,0.0864) (91,0.0850) (92,0.0764) (93,0.0797) (94,0.0705) (95,0.0764) (96,0.0742) (97,0.0658) (98,0.0683) (99,0.0586) (100,0.0649) (101,0.0621) (102,0.0560) (103,0.0577) (104,0.0584) (105,0.0620) (106,0.0495) (107,0.0502) (108,0.0538) (109,0.0458) (110,0.0455) (111,0.0486) (112,0.0402) (113,0.0390) (114,0.0387) (115,0.0329) (116,0.0394) (117,0.0343) (118,0.0321) (119,0.0408) (120,0.0351) (121,0.0279) (122,0.0320) (123,0.0261) (124,0.0292) (125,0.0262) (126,0.0284) (127,0.0248) (128,0.0216) (129,0.0241) (130,0.0272) (131,0.0166) (132,0.0181) (133,0.0193) (134,0.0143) (135,0.0178) (136,0.0198) (137,0.0131) (138,0.0152) (139,0.0138) (140,0.0123) (141,0.0120) (142,0.0103) (143,0.0121) (144,0.0116) (145,0.0122) (146,0.0090) (147,0.0081) (148,0.0075) (149,0.0082) (150,0.0087) (151,0.0057) (152,0.0070) (153,0.0049) (154,0.0073) (155,0.0066) (156,0.0063) (157,0.0028) (158,0.0064) (159,0.0033) (160,0.0037) (161,0.0029) (162,0.0030) (163,0.0034) (164,0.0040) (165,0.0025) (166,0.0028) (167,0.0019) (168,0.0035) (169,0.0021) (170,0.0022) (171,0.0019) (172,0.0028) (173,0.0015) (174,0.0020) (175,0.0010) (176,0.0014) (177,0.0013) (178,0.0016) (179,0.0009) (180,0.0016) (181,0.0011) (182,0.0010) (183,0.0011) (184,0.0008) (185,0.0018) (186,0.0011) (187,0.0008) (188,0.0009) (189,0.0021) (190,0.0008) (191,0.0007) (192,0.0006) (193,0.0009) (194,0.0006) (195,0.0009) (196,0.0018) (197,0.0010) (198,0.0006) (199,0.0007) (200,0.0008)
    };
    \addplot[line width=1.3pt, color=colorrmsprop, mark=none] coordinates {
      (1,1.8323) (2,1.6473) (3,1.5029) (4,1.3269) (5,1.4376) (6,1.3669) (7,1.2055) (8,1.1061) (9,1.0676) (10,0.9566) (11,0.9357) (12,0.9001) (13,0.8816) (14,0.8405) (15,0.8142) (16,0.7923) (17,0.7460) (18,0.7421) (19,0.7133) (20,0.7045) (21,0.6680) (22,0.6559) (23,0.6333) (24,0.6130) (25,0.5911) (26,0.5811) (27,0.5618) (28,0.5580) (29,0.5348) (30,0.5251) (31,0.5027) (32,0.4922) (33,0.4806) (34,0.4670) (35,0.4649) (36,0.4506) (37,0.4400) (38,0.4308) (39,0.4219) (40,0.4070) (41,0.3958) (42,0.3867) (43,0.3867) (44,0.3698) (45,0.3574) (46,0.3473) (47,0.3382) (48,0.3354) (49,0.3211) (50,0.3174) (51,0.3066) (52,0.3002) (53,0.2964) (54,0.2829) (55,0.2810) (56,0.2678) (57,0.2660) (58,0.2510) (59,0.2483) (60,0.2354) (61,0.2468) (62,0.2276) (63,0.2212) (64,0.2214) (65,0.2178) (66,0.2129) (67,0.1976) (68,0.2017) (69,0.1972) (70,0.1830) (71,0.1678) (72,0.1828) (73,0.1789) (74,0.1617) (75,0.1630) (76,0.1547) (77,0.1562) (78,0.1521) (79,0.1412) (80,0.1417) (81,0.1347) (82,0.1342) (83,0.1367) (84,0.1337) (85,0.1236) (86,0.1119) (87,0.1125) (88,0.1164) (89,0.1122) (90,0.1082) (91,0.0990) (92,0.1012) (93,0.0984) (94,0.0953) (95,0.0956) (96,0.0867) (97,0.0863) (98,0.0874) (99,0.0823) (100,0.0739) (101,0.0801) (102,0.0740) (103,0.0743) (104,0.0728) (105,0.0666) (106,0.0672) (107,0.0613) (108,0.0646) (109,0.0605) (110,0.0598) (111,0.0575) (112,0.0485) (113,0.0501) (114,0.0487) (115,0.0525) (116,0.0446) (117,0.0465) (118,0.0472) (119,0.0466) (120,0.0379) (121,0.0379) (122,0.0369) (123,0.0334) (124,0.0336) (125,0.0310) (126,0.0338) (127,0.0312) (128,0.0338) (129,0.0328) (130,0.0260) (131,0.0265) (132,0.0229) (133,0.0269) (134,0.0220) (135,0.0223) (136,0.0220) (137,0.0240) (138,0.0193) (139,0.0176) (140,0.0192) (141,0.0166) (142,0.0178) (143,0.0186) (144,0.0127) (145,0.0139) (146,0.0158) (147,0.0105) (148,0.0130) (149,0.0128) (150,0.0126) (151,0.0105) (152,0.0098) (153,0.0114) (154,0.0071) (155,0.0074) (156,0.0082) (157,0.0068) (158,0.0080) (159,0.0057) (160,0.0056) (161,0.0063) (162,0.0051) (163,0.0050) (164,0.0052) (165,0.0042) (166,0.0052) (167,0.0040) (168,0.0052) (169,0.0038) (170,0.0032) (171,0.0040) (172,0.0031) (173,0.0047) (174,0.0024) (175,0.0024) (176,0.0023) (177,0.0027) (178,0.0034) (179,0.0018) (180,0.0017) (181,0.0012) (182,0.0022) (183,0.0021) (184,0.0020) (185,0.0023) (186,0.0017) (187,0.0013) (188,0.0019) (189,0.0010) (190,0.0014) (191,0.0010) (192,0.0017) (193,0.0021) (194,0.0009) (195,0.0012) (196,0.0011) (197,0.0008) (198,0.0007) (199,0.0008) (200,0.0015)
    };
    \addplot[line width=1.3pt, color=colorsgd, mark=none] coordinates {
      (1,2.8216) (2,1.8773) (3,1.7503) (4,1.7025) (5,1.6075) (6,1.5716) (7,1.3228) (8,1.2917) (9,1.1754) (10,1.0701) (11,1.0501) (12,1.0060) (13,0.9029) (14,0.8412) (15,0.7914) (16,0.7202) (17,0.7135) (18,0.6754) (19,0.6526) (20,0.6265) (21,0.6120) (22,0.5938) (23,0.5975) (24,0.5880) (25,0.5561) (26,0.5509) (27,0.5480) (28,0.5269) (29,0.5196) (30,0.5394) (31,0.4848) (32,0.4924) (33,0.4802) (34,0.4783) (35,0.4673) (36,0.4555) (37,0.4559) (38,0.4410) (39,0.4279) (40,0.4319) (41,0.4168) (42,0.4180) (43,0.4140) (44,0.4132) (45,0.4027) (46,0.4084) (47,0.3963) (48,0.3959) (49,0.3961) (50,0.3873) (51,0.3860) (52,0.3662) (53,0.3785) (54,0.3723) (55,0.3746) (56,0.3647) (57,0.3555) (58,0.3626) (59,0.3456) (60,0.3459) (61,0.3407) (62,0.3479) (63,0.3340) (64,0.3398) (65,0.3386) (66,0.3265) (67,0.3187) (68,0.3256) (69,0.3192) (70,0.3141) (71,0.3109) (72,0.3016) (73,0.3075) (74,0.2935) (75,0.2907) (76,0.2833) (77,0.3001) (78,0.2867) (79,0.2826) (80,0.2838) (81,0.2690) (82,0.2758) (83,0.2654) (84,0.2670) (85,0.2659) (86,0.2461) (87,0.2650) (88,0.2426) (89,0.2583) (90,0.2431) (91,0.2388) (92,0.2266) (93,0.2283) (94,0.2277) (95,0.2269) (96,0.2221) (97,0.2164) (98,0.2134) (99,0.2021) (100,0.2020) (101,0.2069) (102,0.1989) (103,0.1867) (104,0.1923) (105,0.1751) (106,0.1758) (107,0.1769) (108,0.1756) (109,0.1679) (110,0.1694) (111,0.1512) (112,0.1690) (113,0.1539) (114,0.1461) (115,0.1453) (116,0.1434) (117,0.1394) (118,0.1304) (119,0.1343) (120,0.1287) (121,0.1234) (122,0.1155) (123,0.1217) (124,0.1178) (125,0.1097) (126,0.1040) (127,0.1106) (128,0.1043) (129,0.1013) (130,0.0966) (131,0.0975) (132,0.0888) (133,0.0863) (134,0.0882) (135,0.0861) (136,0.0801) (137,0.0711) (138,0.0721) (139,0.0775) (140,0.0656) (141,0.0626) (142,0.0619) (143,0.0678) (144,0.0567) (145,0.0507) (146,0.0550) (147,0.0537) (148,0.0488) (149,0.0438) (150,0.0475) (151,0.0372) (152,0.0365) (153,0.0394) (154,0.0368) (155,0.0348) (156,0.0293) (157,0.0274) (158,0.0266) (159,0.0280) (160,0.0193) (161,0.0237) (162,0.0192) (163,0.0189) (164,0.0152) (165,0.0175) (166,0.0165) (167,0.0112) (168,0.0094) (169,0.0074) (170,0.0093) (171,0.0063) (172,0.0086) (173,0.0042) (174,0.0047) (175,0.0054) (176,0.0054) (177,0.0054) (178,0.0042) (179,0.0037) (180,0.0046) (181,0.0037) (182,0.0029) (183,0.0040) (184,0.0021) (185,0.0033) (186,0.0031) (187,0.0032) (188,0.0025) (189,0.0045) (190,0.0023) (191,0.0017) (192,0.0021) (193,0.0020) (194,0.0019) (195,0.0022) (196,0.0021) (197,0.0016) (198,0.0019) (199,0.0019) (200,0.0025)
    };
    \legend{Trinity (Proposed), Adam, RMSProp, SGD}
    \end{axis}
  \end{tikzpicture}
  \caption{Experiment 1 (Wide-ResNet-101-2) convergence: Training Loss trajectories over 200 epochs.}
  \label{fig:exp1}
\end{figure}

% --- Experiment 2 ---
\begin{figure}[t]
  \centering
  \begin{tikzpicture}
    \begin{axis}[
      width=0.95\columnwidth,
      height=5.8cm,
      ymode=log,
      xlabel={Epoch},
      ylabel={Training Loss},
      xlabel style={font=\small, yshift=2pt},
      ylabel style={font=\small, xshift=-2pt},
      tick label style={font=\footnotesize},
      xmin=1,   xmax=200,
      ymin=0.00005, ymax=2.5,
      xtick={1,25,50,75,100,125,150,175,200},
      minor tick num=4,
      grid=none,
      legend pos=south west,
      legend style={
        font=\footnotesize,
        fill=white,
        fill opacity=0.95,
        text opacity=1,
        row sep=2pt,
        inner sep=4pt,
        rounded corners=1pt
      },
      clip=true,
    ]
    \addplot[line width=1.3pt, color=colorhybrid, mark=none] coordinates {
      (1,1.5013) (2,1.2562) (3,1.1543) (4,1.0704) (5,1.0185) (6,1.0055) (7,0.9580) (8,0.9253) (9,0.8924) (10,0.8555) (11,0.8454) (12,0.8361) (13,0.8248) (14,0.8049) (15,0.7827) (16,0.7731) (17,0.7607) (18,0.7359) (19,0.7336) (20,0.7257) (21,0.7208) (22,0.6946) (23,0.6839) (24,0.6808) (25,0.6641) (26,0.6385) (27,0.6422) (28,0.6267) (29,0.6259) (30,0.6131) (31,0.5963) (32,0.5827) (33,0.5686) (34,0.5631) (35,0.5370) (36,0.5257) (37,0.5294) (38,0.5088) (39,0.4856) (40,0.4644) (41,0.4560) (42,0.4360) (43,0.4289) (44,0.4096) (45,0.3931) (46,0.3819) (47,0.3570) (48,0.3564) (49,0.3393) (50,0.3141) (51,0.3044) (52,0.2934) (53,0.2840) (54,0.2577) (55,0.2526) (56,0.2378) (57,0.2224) (58,0.2199) (59,0.2031) (60,0.2000) (61,0.1803) (62,0.1727) (63,0.1666) (64,0.1600) (65,0.1457) (66,0.1458) (67,0.1411) (68,0.1344) (69,0.1269) (70,0.1183) (71,0.1168) (72,0.1076) (73,0.1031) (74,0.1001) (75,0.1016) (76,0.0985) (77,0.0875) (78,0.0833) (79,0.0832) (80,0.0786) (81,0.0766) (82,0.0793) (83,0.0705) (84,0.0689) (85,0.0673) (86,0.0603) (87,0.0651) (88,0.0586) (89,0.0605) (90,0.0521) (91,0.0465) (92,0.0440) (93,0.0515) (94,0.0431) (95,0.0405) (96,0.0419) (97,0.0396) (98,0.0422) (99,0.0349) (100,0.0367) (101,0.0381) (102,0.0356) (103,0.0305) (104,0.0259) (105,0.0281) (106,0.0259) (107,0.0279) (108,0.0231) (109,0.0292) (110,0.0269) (111,0.0217) (112,0.0207) (113,0.0181) (114,0.0184) (115,0.0213) (116,0.0181) (117,0.0187) (118,0.0162) (119,0.0155) (120,0.0158) (121,0.0150) (122,0.0142) (123,0.0119) (124,0.0141) (125,0.0121) (126,0.0098) (127,0.0105) (128,0.0089) (129,0.0078) (130,0.0094) (131,0.0095) (132,0.0073) (133,0.0082) (134,0.0081) (135,0.0056) (136,0.0059) (137,0.0061) (138,0.0056) (139,0.0048) (140,0.0045) (141,0.0034) (142,0.0027) (143,0.0040) (144,0.0030) (145,0.0023) (146,0.0027) (147,0.0039) (148,0.0038) (149,0.0016) (150,0.0013) (151,0.0009) (152,0.0043) (153,0.0011) (154,0.0010) (155,0.0027) (156,0.0010) (157,0.0014) (158,0.0013) (159,0.0011) (160,0.0015) (161,0.0013) (162,0.0007) (163,0.0003) (164,0.0008) (165,0.0009) (166,0.0006) (167,0.0006) (168,0.0006) (169,0.0011) (170,0.0006) (171,0.0003) (172,0.0001) (173,0.0004) (174,0.0007) (175,0.0006) (176,0.0006) (177,0.0004) (178,0.0003) (179,0.0002) (180,0.0003) (181,0.0002) (182,0.0002) (183,0.0001) (184,0.0003) (185,0.0003) (186,0.0003) (187,0.0003) (188,0.0001) (189,0.0002) (190,0.0002) (191,0.0002) (192,0.0001) (193,0.0001) (194,0.0002) (195,0.0002) (196,0.0001) (197,0.0004) (198,0.0001) (199,0.0001) (200,0.0001)
    };
    \addplot[line width=1.3pt, color=coloradam, mark=none] coordinates {
      (1,1.3933) (2,1.2568) (3,1.1431) (4,1.1068) (5,1.1105) (6,1.0946) (7,1.0635) (8,1.0447) (9,1.0219) (10,1.0056) (11,0.9694) (12,0.9700) (13,0.9555) (14,0.9383) (15,0.9154) (16,0.9007) (17,0.8904) (18,0.8730) (19,0.8599) (20,0.8539) (21,0.8438) (22,0.8338) (23,0.8214) (24,0.8071) (25,0.8044) (26,0.7900) (27,0.7811) (28,0.7667) (29,0.7521) (30,0.7453) (31,0.7304) (32,0.7228) (33,0.7084) (34,0.7059) (35,0.6970) (36,0.6864) (37,0.6800) (38,0.6656) (39,0.6611) (40,0.6615) (41,0.6352) (42,0.6299) (43,0.6212) (44,0.6203) (45,0.6068) (46,0.5909) (47,0.5879) (48,0.5824) (49,0.5747) (50,0.5615) (51,0.5561) (52,0.5441) (53,0.5329) (54,0.5307) (55,0.5234) (56,0.5169) (57,0.5150) (58,0.4956) (59,0.4937) (60,0.4841) (61,0.4763) (62,0.4623) (63,0.4629) (64,0.4503) (65,0.4453) (66,0.4298) (67,0.4271) (68,0.4177) (69,0.4184) (70,0.3970) (71,0.3978) (72,0.3929) (73,0.3680) (74,0.3623) (75,0.3605) (76,0.3663) (77,0.3378) (78,0.3408) (79,0.3174) (80,0.3227) (81,0.3224) (82,0.3072) (83,0.3012) (84,0.2962) (85,0.2916) (86,0.2794) (87,0.2763) (88,0.2736) (89,0.2529) (90,0.2573) (91,0.2409) (92,0.2363) (93,0.2275) (94,0.2185) (95,0.2203) (96,0.2108) (97,0.1989) (98,0.2024) (99,0.1959) (100,0.1944) (101,0.1843) (102,0.1758) (103,0.1711) (104,0.1725) (105,0.1739) (106,0.1623) (107,0.1560) (108,0.1462) (109,0.1460) (110,0.1415) (111,0.1418) (112,0.1337) (113,0.1322) (114,0.1273) (115,0.1222) (116,0.1137) (117,0.1155) (118,0.1122) (119,0.1089) (120,0.0950) (121,0.1036) (122,0.1012) (123,0.0983) (124,0.0961) (125,0.0819) (126,0.0832) (127,0.0867) (128,0.0797) (129,0.0833) (130,0.0717) (131,0.0736) (132,0.0746) (133,0.0668) (134,0.0633) (135,0.0581) (136,0.0563) (137,0.0621) (138,0.0564) (139,0.0542) (140,0.0529) (141,0.0502) (142,0.0489) (143,0.0460) (144,0.0445) (145,0.0409) (146,0.0420) (147,0.0403) (148,0.0356) (149,0.0337) (150,0.0362) (151,0.0312) (152,0.0297) (153,0.0274) (154,0.0251) (155,0.0266) (156,0.0276) (157,0.0259) (158,0.0257) (159,0.0266) (160,0.0207) (161,0.0213) (162,0.0171) (163,0.0187) (164,0.0169) (165,0.0186) (166,0.0165) (167,0.0155) (168,0.0138) (169,0.0162) (170,0.0145) (171,0.0126) (172,0.0105) (173,0.0121) (174,0.0098) (175,0.0094) (176,0.0087) (177,0.0106) (178,0.0102) (179,0.0085) (180,0.0091) (181,0.0079) (182,0.0079) (183,0.0084) (184,0.0079) (185,0.0062) (186,0.0065) (187,0.0067) (188,0.0073) (189,0.0063) (190,0.0068) (191,0.0062) (192,0.0060) (193,0.0067) (194,0.0067) (195,0.0058) (196,0.0054) (197,0.0062) (198,0.0061) (199,0.0060) (200,0.0056)
    };
    \addplot[line width=1.3pt, color=colorrmsprop, mark=none] coordinates {
      (1,1.3414) (2,1.4901) (3,1.3432) (4,1.3233) (5,1.3045) (6,1.3169) (7,1.2446) (8,1.1945) (9,1.1724) (10,1.1397) (11,1.1120) (12,1.0923) (13,1.0628) (14,1.0488) (15,1.0317) (16,1.0134) (17,0.9971) (18,0.9844) (19,0.9698) (20,0.9590) (21,0.9475) (22,0.9413) (23,0.9372) (24,0.9283) (25,0.9112) (26,0.8998) (27,0.8925) (28,0.8860) (29,0.8863) (30,0.8703) (31,0.8677) (32,0.8514) (33,0.8510) (34,0.8460) (35,0.8349) (36,0.8224) (37,0.8168) (38,0.7997) (39,0.8001) (40,0.8045) (41,0.7882) (42,0.7784) (43,0.7740) (44,0.7722) (45,0.7630) (46,0.7503) (47,0.7391) (48,0.7487) (49,0.7423) (50,0.7312) (51,0.7276) (52,0.7196) (53,0.7277) (54,0.7058) (55,0.7088) (56,0.6977) (57,0.6983) (58,0.6856) (59,0.6843) (60,0.6736) (61,0.6737) (62,0.6670) (63,0.6624) (64,0.6583) (65,0.6454) (66,0.6448) (67,0.6332) (68,0.6308) (69,0.6281) (70,0.6144) (71,0.6119) (72,0.6022) (73,0.6101) (74,0.5908) (75,0.5965) (76,0.5890) (77,0.5796) (78,0.5679) (79,0.5696) (80,0.5674) (81,0.5580) (82,0.5591) (83,0.5486) (84,0.5326) (85,0.5270) (86,0.5225) (87,0.5227) (88,0.5067) (89,0.5096) (90,0.4960) (91,0.4899) (92,0.4839) (93,0.4814) (94,0.4769) (95,0.4660) (96,0.4587) (97,0.4500) (98,0.4418) (99,0.4402) (100,0.4271) (101,0.4263) (102,0.4122) (103,0.4165) (104,0.3995) (105,0.4005) (106,0.3896) (107,0.3798) (108,0.3760) (109,0.3695) (110,0.3605) (111,0.3492) (112,0.3553) (113,0.3453) (114,0.3351) (115,0.3278) (116,0.3209) (117,0.3153) (118,0.3103) (119,0.2996) (120,0.3077) (121,0.2876) (122,0.2848) (123,0.2740) (124,0.2833) (125,0.2682) (126,0.2595) (127,0.2578) (128,0.2427) (129,0.2387) (130,0.2380) (131,0.2309) (132,0.2180) (133,0.2238) (134,0.2154) (135,0.2176) (136,0.2091) (137,0.1999) (138,0.2003) (139,0.1902) (140,0.1905) (141,0.1811) (142,0.1737) (143,0.1652) (144,0.1641) (145,0.1604) (146,0.1573) (147,0.1548) (148,0.1556) (149,0.1468) (150,0.1454) (151,0.1439) (152,0.1314) (153,0.1361) (154,0.1332) (155,0.1273) (156,0.1274) (157,0.1175) (158,0.1180) (159,0.1184) (160,0.1108) (161,0.1087) (162,0.1060) (163,0.1052) (164,0.0997) (165,0.1032) (166,0.0982) (167,0.0980) (168,0.0933) (169,0.0941) (170,0.0907) (171,0.0851) (172,0.0822) (173,0.0833) (174,0.0795) (175,0.0809) (176,0.0754) (177,0.0768) (178,0.0782) (179,0.0752) (180,0.0723) (181,0.0741) (182,0.0735) (183,0.0676) (184,0.0694) (185,0.0670) (186,0.0623) (187,0.0669) (188,0.0672) (189,0.0640) (190,0.0679) (191,0.0652) (192,0.0672) (193,0.0624) (194,0.0595) (195,0.0668) (196,0.0659) (197,0.0626) (198,0.0623) (199,0.0648) (200,0.0646)
    };
    \addplot[line width=1.3pt, color=colorsgd, mark=none] coordinates {
      (1,1.5399) (2,1.2514) (3,1.2107) (4,1.1658) (5,1.1554) (6,1.1434) (7,1.0802) (8,1.0446) (9,1.0021) (10,0.9887) (11,0.9602) (12,0.9479) (13,0.9302) (14,0.9160) (15,0.9057) (16,0.8936) (17,0.8740) (18,0.8721) (19,0.8594) (20,0.8582) (21,0.8540) (22,0.8366) (23,0.8265) (24,0.8271) (25,0.8230) (26,0.8168) (27,0.8128) (28,0.8062) (29,0.8068) (30,0.7990) (31,0.7963) (32,0.7956) (33,0.7834) (34,0.7920) (35,0.7780) (36,0.7784) (37,0.7700) (38,0.7671) (39,0.7685) (40,0.7629) (41,0.7709) (42,0.7552) (43,0.7470) (44,0.7493) (45,0.7437) (46,0.7437) (47,0.7358) (48,0.7285) (49,0.7270) (50,0.7258) (51,0.7309) (52,0.7222) (53,0.7250) (54,0.7184) (55,0.7170) (56,0.7108) (57,0.7109) (58,0.7062) (59,0.7157) (60,0.7165) (61,0.7108) (62,0.6930) (63,0.6980) (64,0.6968) (65,0.6910) (66,0.6959) (67,0.6858) (68,0.6920) (69,0.6865) (70,0.6807) (71,0.6832) (72,0.6789) (73,0.6728) (74,0.6709) (75,0.6680) (76,0.6652) (77,0.6617) (78,0.6555) (79,0.6578) (80,0.6536) (81,0.6547) (82,0.6509) (83,0.6463) (84,0.6461) (85,0.6485) (86,0.6410) (87,0.6455) (88,0.6350) (89,0.6310) (90,0.6295) (91,0.6300) (92,0.6234) (93,0.6197) (94,0.6161) (95,0.6208) (96,0.6150) (97,0.6096) (98,0.6072) (99,0.5973) (100,0.6114) (101,0.5904) (102,0.5977) (103,0.5936) (104,0.5818) (105,0.5895) (106,0.5842) (107,0.5716) (108,0.5794) (109,0.5721) (110,0.5753) (111,0.5704) (112,0.5660) (113,0.5564) (114,0.5634) (115,0.5564) (116,0.5504) (117,0.5524) (118,0.5467) (119,0.5485) (120,0.5415) (121,0.5357) (122,0.5308) (123,0.5299) (124,0.5212) (125,0.5176) (126,0.5181) (127,0.5163) (128,0.5113) (129,0.5095) (130,0.4958) (131,0.5013) (132,0.4969) (133,0.4978) (134,0.4860) (135,0.4812) (136,0.4791) (137,0.4795) (138,0.4739) (139,0.4724) (140,0.4707) (141,0.4610) (142,0.4650) (143,0.4586) (144,0.4466) (145,0.4513) (146,0.4393) (147,0.4373) (148,0.4405) (149,0.4324) (150,0.4292) (151,0.4247) (152,0.4158) (153,0.4269) (154,0.4221) (155,0.4105) (156,0.4017) (157,0.4090) (158,0.3964) (159,0.3944) (160,0.3910) (161,0.3892) (162,0.3882) (163,0.3850) (164,0.3704) (165,0.3717) (166,0.3678) (167,0.3653) (168,0.3559) (169,0.3619) (170,0.3527) (171,0.3605) (172,0.3474) (173,0.3463) (174,0.3399) (175,0.3394) (176,0.3410) (177,0.3315) (178,0.3266) (179,0.3250) (180,0.3244) (181,0.3143) (182,0.3156) (183,0.3237) (184,0.3111) (185,0.3113) (186,0.3082) (187,0.3127) (188,0.3110) (189,0.3110) (190,0.3034) (191,0.3009) (192,0.2955) (193,0.2999) (194,0.2980) (195,0.3014) (196,0.2923) (197,0.2953) (198,0.2941) (199,0.2910) (200,0.2922)
    };
    \legend{Trinity (Proposed), Adam, RMSProp, SGD}
    \end{axis}
  \end{tikzpicture}
  \caption{Experiment 2 (Vision Transformer) convergence: Training Loss trajectories over 200 epochs.}
  \label{fig:exp2}
\end{figure}

% --- Experiment 3 ---
\begin{figure}[t]
  \centering
  \begin{tikzpicture}
    \begin{axis}[
      width=0.95\columnwidth,
      height=5.8cm,
      ymode=log,
      xlabel={Epoch},
      ylabel={Training Loss},
      xlabel style={font=\small, yshift=2pt},
      ylabel style={font=\small, xshift=-2pt},
      tick label style={font=\footnotesize},
      xmin=1,   xmax=200,
      ymin=0.0005, ymax=3.0,
      xtick={1,25,50,75,100,125,150,175,200},
      minor tick num=4,
      grid=none,
      legend pos=south west,
      legend style={
        font=\footnotesize,
        fill=white,
        fill opacity=0.95,
        text opacity=1,
        row sep=2pt,
        inner sep=4pt,
        rounded corners=1pt
      },
      clip=true,
    ]
    \addplot[line width=1.3pt, color=colorhybrid, mark=none] coordinates {
      (1,2.1665) (2,1.3119) (3,1.0370) (4,0.9628) (5,0.8993) (6,0.8738) (7,0.7905) (8,0.7445) (9,0.7113) (10,0.6851) (11,0.6368) (12,0.6085) (13,0.5851) (14,0.5533) (15,0.5427) (16,0.5219) (17,0.5111) (18,0.5021) (19,0.4791) (20,0.4562) (21,0.4565) (22,0.4358) (23,0.4173) (24,0.4105) (25,0.3950) (26,0.3815) (27,0.3638) (28,0.3613) (29,0.3395) (30,0.3280) (31,0.3246) (32,0.3206) (33,0.3046) (34,0.2954) (35,0.2929) (36,0.2756) (37,0.2630) (38,0.2640) (39,0.2455) (40,0.2403) (41,0.2348) (42,0.2242) (43,0.2130) (44,0.2155) (45,0.2057) (46,0.2043) (47,0.1945) (48,0.1843) (49,0.1794) (50,0.1766) (51,0.1636) (52,0.1570) (53,0.1611) (54,0.1547) (55,0.1523) (56,0.1395) (57,0.1384) (58,0.1362) (59,0.1288) (60,0.1263) (61,0.1255) (62,0.1218) (63,0.1140) (64,0.1112) (65,0.1069) (66,0.1038) (67,0.1007) (68,0.0994) (69,0.0926) (70,0.0908) (71,0.0996) (72,0.0911) (73,0.0794) (74,0.0833) (75,0.0778) (76,0.0790) (77,0.0802) (78,0.0750) (79,0.0788) (80,0.0697) (81,0.0557) (82,0.0704) (83,0.0703) (84,0.0645) (85,0.0591) (86,0.0630) (87,0.0530) (88,0.0538) (89,0.0533) (90,0.0512) (91,0.0529) (92,0.0497) (93,0.0456) (94,0.0465) (95,0.0410) (96,0.0354) (97,0.0468) (98,0.0482) (99,0.0450) (100,0.0426) (101,0.0363) (102,0.0349) (103,0.0317) (104,0.0325) (105,0.0349) (106,0.0326) (107,0.0320) (108,0.0286) (109,0.0325) (110,0.0270) (111,0.0261) (112,0.0294) (113,0.0281) (114,0.0219) (115,0.0243) (116,0.0207) (117,0.0229) (118,0.0223) (119,0.0234) (120,0.0215) (121,0.0218) (122,0.0220) (123,0.0195) (124,0.0179) (125,0.0179) (126,0.0187) (127,0.0210) (128,0.0156) (129,0.0182) (130,0.0109) (131,0.0132) (132,0.0129) (133,0.0145) (134,0.0119) (135,0.0115) (136,0.0098) (137,0.0102) (138,0.0080) (139,0.0117) (140,0.0081) (141,0.0099) (142,0.0083) (143,0.0089) (144,0.0089) (145,0.0078) (146,0.0072) (147,0.0085) (148,0.0080) (149,0.0056) (150,0.0066) (151,0.0080) (152,0.0065) (153,0.0067) (154,0.0047) (155,0.0051) (156,0.0052) (157,0.0067) (158,0.0052) (159,0.0052) (160,0.0040) (161,0.0032) (162,0.0067) (163,0.0060) (164,0.0048) (165,0.0027) (166,0.0033) (167,0.0057) (168,0.0033) (169,0.0037) (170,0.0049) (171,0.0024) (172,0.0032) (173,0.0038) (174,0.0025) (175,0.0033) (176,0.0020) (177,0.0013) (178,0.0027) (179,0.0014) (180,0.0023) (181,0.0018) (182,0.0024) (183,0.0028) (184,0.0022) (185,0.0024) (186,0.0018) (187,0.0018) (188,0.0019) (189,0.0018) (190,0.0013) (191,0.0019) (192,0.0017) (193,0.0012) (194,0.0009) (195,0.0012) (196,0.0018) (197,0.0018) (198,0.0022) (199,0.0022) (200,0.0011)
    };
    \addplot[line width=1.3pt, color=coloradam, mark=none] coordinates {
      (1,1.2508) (2,1.0111) (3,0.9413) (4,0.8479) (5,0.8139) (6,0.7683) (7,0.7376) (8,0.7119) (9,0.6870) (10,0.6584) (11,0.6303) (12,0.6188) (13,0.5937) (14,0.5771) (15,0.5521) (16,0.5317) (17,0.5212) (18,0.5151) (19,0.4947) (20,0.4805) (21,0.4747) (22,0.4550) (23,0.4540) (24,0.4250) (25,0.4227) (26,0.4162) (27,0.4033) (28,0.4040) (29,0.3876) (30,0.3743) (31,0.3730) (32,0.3646) (33,0.3535) (34,0.3423) (35,0.3365) (36,0.3251) (37,0.3184) (38,0.3083) (39,0.3050) (40,0.2896) (41,0.2865) (42,0.2786) (43,0.2771) (44,0.2664) (45,0.2683) (46,0.2556) (47,0.2533) (48,0.2546) (49,0.2365) (50,0.2315) (51,0.2374) (52,0.2134) (53,0.2190) (54,0.2151) (55,0.2179) (56,0.1991) (57,0.1990) (58,0.1981) (59,0.1872) (60,0.1842) (61,0.1854) (62,0.1808) (63,0.1702) (64,0.1568) (65,0.1649) (66,0.1613) (67,0.1586) (68,0.1544) (69,0.1585) (70,0.1409) (71,0.1436) (72,0.1402) (73,0.1359) (74,0.1355) (75,0.1291) (76,0.1270) (77,0.1220) (78,0.1277) (79,0.1169) (80,0.1084) (81,0.1134) (82,0.1115) (83,0.1091) (84,0.1024) (85,0.1067) (86,0.0969) (87,0.0937) (88,0.0908) (89,0.0913) (90,0.0891) (91,0.0913) (92,0.0886) (93,0.0870) (94,0.0801) (95,0.0810) (96,0.0839) (97,0.0787) (98,0.0716) (99,0.0692) (100,0.0711) (101,0.0679) (102,0.0639) (103,0.0673) (104,0.0609) (105,0.0674) (106,0.0585) (107,0.0630) (108,0.0528) (109,0.0480) (110,0.0480) (111,0.0594) (112,0.0532) (113,0.0527) (114,0.0527) (115,0.0473) (116,0.0410) (117,0.0428) (118,0.0445) (119,0.0416) (120,0.0358) (121,0.0375) (122,0.0409) (123,0.0310) (124,0.0306) (125,0.0334) (126,0.0356) (127,0.0371) (128,0.0305) (129,0.0271) (130,0.0252) (131,0.0272) (132,0.0286) (133,0.0253) (134,0.0218) (135,0.0206) (136,0.0241) (137,0.0185) (138,0.0208) (139,0.0157) (140,0.0174) (141,0.0179) (142,0.0185) (143,0.0181) (144,0.0165) (145,0.0181) (146,0.0153) (147,0.0132) (148,0.0131) (149,0.0126) (150,0.0130) (151,0.0097) (152,0.0134) (153,0.0120) (154,0.0104) (155,0.0094) (156,0.0095) (157,0.0064) (158,0.0081) (159,0.0078) (160,0.0065) (161,0.0051) (162,0.0051) (163,0.0062) (164,0.0046) (165,0.0047) (166,0.0038) (167,0.0061) (168,0.0047) (169,0.0054) (170,0.0048) (171,0.0048) (172,0.0043) (173,0.0044) (174,0.0038) (175,0.0043) (176,0.0042) (177,0.0035) (178,0.0027) (179,0.0025) (180,0.0036) (181,0.0025) (182,0.0020) (183,0.0039) (184,0.0019) (185,0.0034) (186,0.0027) (187,0.0025) (188,0.0021) (189,0.0025) (190,0.0017) (191,0.0019) (192,0.0014) (193,0.0018) (194,0.0018) (195,0.0024) (196,0.0018) (197,0.0016) (198,0.0021) (199,0.0017) (200,0.0017)
    };
    \addplot[line width=1.3pt, color=colorrmsprop, mark=none] coordinates {
      (1,1.4630) (2,1.1042) (3,1.0022) (4,0.9337) (5,0.8981) (6,0.8456) (7,0.8046) (8,0.7671) (9,0.7324) (10,0.7207) (11,0.6839) (12,0.6564) (13,0.6316) (14,0.6146) (15,0.6038) (16,0.5780) (17,0.5622) (18,0.5525) (19,0.5344) (20,0.5205) (21,0.5096) (22,0.4972) (23,0.4874) (24,0.4775) (25,0.4611) (26,0.4555) (27,0.4398) (28,0.4315) (29,0.4202) (30,0.4099) (31,0.4018) (32,0.3925) (33,0.3867) (34,0.3641) (35,0.3693) (36,0.3544) (37,0.3459) (38,0.3429) (39,0.3332) (40,0.3338) (41,0.3251) (42,0.3125) (43,0.3065) (44,0.2898) (45,0.2918) (46,0.2884) (47,0.2821) (48,0.2762) (49,0.2639) (50,0.2602) (51,0.2506) (52,0.2479) (53,0.2402) (54,0.2368) (55,0.2320) (56,0.2247) (57,0.2255) (58,0.2164) (59,0.2064) (60,0.2156) (61,0.2065) (62,0.2017) (63,0.1967) (64,0.1865) (65,0.1943) (66,0.1832) (67,0.1795) (68,0.1719) (69,0.1678) (70,0.1640) (71,0.1645) (72,0.1685) (73,0.1524) (74,0.1490) (75,0.1501) (76,0.1436) (77,0.1394) (78,0.1456) (79,0.1337) (80,0.1330) (81,0.1194) (82,0.1247) (83,0.1263) (84,0.1150) (85,0.1155) (86,0.1098) (87,0.1105) (88,0.1054) (89,0.1079) (90,0.1020) (91,0.1011) (92,0.1023) (93,0.0952) (94,0.0948) (95,0.0933) (96,0.0863) (97,0.0889) (98,0.0875) (99,0.0814) (100,0.0830) (101,0.0755) (102,0.0742) (103,0.0721) (104,0.0763) (105,0.0678) (106,0.0652) (107,0.0697) (108,0.0654) (109,0.0696) (110,0.0624) (111,0.0670) (112,0.0556) (113,0.0609) (114,0.0533) (115,0.0555) (116,0.0580) (117,0.0500) (118,0.0427) (119,0.0505) (120,0.0467) (121,0.0463) (122,0.0461) (123,0.0452) (124,0.0387) (125,0.0356) (126,0.0437) (127,0.0367) (128,0.0335) (129,0.0334) (130,0.0319) (131,0.0365) (132,0.0275) (133,0.0278) (134,0.0314) (135,0.0265) (136,0.0281) (137,0.0272) (138,0.0259) (139,0.0236) (140,0.0207) (141,0.0247) (142,0.0213) (143,0.0231) (144,0.0195) (145,0.0191) (146,0.0188) (147,0.0197) (148,0.0194) (149,0.0142) (150,0.0167) (151,0.0142) (152,0.0137) (153,0.0121) (154,0.0126) (155,0.0110) (156,0.0084) (157,0.0100) (158,0.0104) (159,0.0091) (160,0.0099) (161,0.0091) (162,0.0095) (163,0.0095) (164,0.0068) (165,0.0089) (166,0.0064) (167,0.0078) (168,0.0067) (169,0.0067) (170,0.0059) (171,0.0060) (172,0.0060) (173,0.0047) (174,0.0057) (175,0.0052) (176,0.0055) (177,0.0046) (178,0.0058) (179,0.0028) (180,0.0039) (181,0.0050) (182,0.0041) (183,0.0049) (184,0.0043) (185,0.0038) (186,0.0027) (187,0.0037) (188,0.0036) (189,0.0027) (190,0.0027) (191,0.0022) (192,0.0031) (193,0.0024) (194,0.0026) (195,0.0040) (196,0.0025) (197,0.0030) (198,0.0043) (199,0.0032) (200,0.0026)
    };
    \addplot[line width=1.3pt, color=colorsgd, mark=none] coordinates {
      (1,1.3553) (2,1.1141) (3,0.9840) (4,0.9091) (5,0.8453) (6,0.8010) (7,0.7562) (8,0.7240) (9,0.6900) (10,0.6760) (11,0.6472) (12,0.6244) (13,0.6101) (14,0.5821) (15,0.5781) (16,0.5601) (17,0.5425) (18,0.5311) (19,0.5237) (20,0.5074) (21,0.5053) (22,0.4938) (23,0.4884) (24,0.4826) (25,0.4685) (26,0.4700) (27,0.4493) (28,0.4409) (29,0.4345) (30,0.4318) (31,0.4276) (32,0.4200) (33,0.4225) (34,0.4101) (35,0.4080) (36,0.4013) (37,0.3847) (38,0.3863) (39,0.3741) (40,0.3849) (41,0.3798) (42,0.3638) (43,0.3680) (44,0.3612) (45,0.3652) (46,0.3663) (47,0.3514) (48,0.3523) (49,0.3437) (50,0.3462) (51,0.3507) (52,0.3412) (53,0.3230) (54,0.3323) (55,0.3268) (56,0.3178) (57,0.3195) (58,0.3203) (59,0.3058) (60,0.3110) (61,0.3044) (62,0.3017) (63,0.2965) (64,0.2936) (65,0.2993) (66,0.2805) (67,0.2926) (68,0.2744) (69,0.2867) (70,0.2765) (71,0.2784) (72,0.2713) (73,0.2608) (74,0.2699) (75,0.2563) (76,0.2623) (77,0.2492) (78,0.2607) (79,0.2433) (80,0.2347) (81,0.2402) (82,0.2374) (83,0.2439) (84,0.2301) (85,0.2321) (86,0.2191) (87,0.2198) (88,0.2275) (89,0.2028) (90,0.2052) (91,0.2151) (92,0.2126) (93,0.1969) (94,0.1988) (95,0.1990) (96,0.1949) (97,0.1980) (98,0.1866) (99,0.1911) (100,0.1791) (101,0.1724) (102,0.1726) (103,0.1722) (104,0.1671) (105,0.1668) (106,0.1659) (107,0.1644) (108,0.1450) (109,0.1448) (110,0.1450) (111,0.1594) (112,0.1451) (113,0.1431) (114,0.1320) (115,0.1375) (116,0.1334) (117,0.1314) (118,0.1320) (119,0.1157) (120,0.1178) (121,0.1160) (122,0.1117) (123,0.1050) (124,0.1028) (125,0.1100) (126,0.1055) (127,0.0987) (128,0.0967) (129,0.0942) (130,0.0930) (131,0.0866) (132,0.0856) (133,0.0880) (134,0.0755) (135,0.0732) (136,0.0726) (137,0.0696) (138,0.0679) (139,0.0689) (140,0.0680) (141,0.0605) (142,0.0635) (143,0.0559) (144,0.0519) (145,0.0596) (146,0.0523) (147,0.0496) (148,0.0465) (149,0.0432) (150,0.0454) (151,0.0431) (152,0.0354) (153,0.0318) (154,0.0360) (155,0.0357) (156,0.0317) (157,0.0309) (158,0.0294) (159,0.0243) (160,0.0279) (161,0.0202) (162,0.0245) (163,0.0199) (164,0.0192) (165,0.0164) (166,0.0124) (167,0.0136) (168,0.0138) (169,0.0152) (170,0.0119) (171,0.0113) (172,0.0115) (173,0.0072) (174,0.0093) (175,0.0068) (176,0.0066) (177,0.0077) (178,0.0060) (179,0.0052) (180,0.0060) (181,0.0050) (182,0.0049) (183,0.0054) (184,0.0043) (185,0.0042) (186,0.0037) (187,0.0036) (188,0.0029) (189,0.0027) (190,0.0033) (191,0.0029) (192,0.0030) (193,0.0030) (194,0.0035) (195,0.0038) (196,0.0020) (197,0.0023) (198,0.0026) (199,0.0025) (200,0.0027)
    };
    \legend{Trinity (Proposed), Adam, RMSProp, SGD}
    \end{axis}
  \end{tikzpicture}
  \caption{Experiment 3 (ResNet-18) convergence: Training Loss trajectories over 200 epochs.}
  \label{fig:exp3}
\end{figure}

